              0        1590000       12778000       14666000
        1238000        2828000       15254000       17142000
        2476000        4066000       17102571       18990571
        4173142        5763142       18951142       20839142
        6021713        7611713       20799713       22687713
        7870284        9460284       22648284       24536284
        9718855       11308855       24496855       26384855
       12426000       14016000       26972855       28860855
       24144855       25734855       36922855       38810855
       26620855       28210855       39398855       41286855
       27858855       29448855       41247426       43135426
       29096855       30686855       43095997       44983997
       30334855       31924855       44944568       46832568
       32015139       33605139       46793139       48681139
       33863710       35453710       48641710       50529710
       36570855       38160855       51117710       53005710
       48289710       49879710       61067710       62955710
       50765710       52355710       63543710       65431710
       52003710       53593710       65392281       67280281
       53241710       54831710       67240852       69128852
       54479710       56069710       69089423       70977423
       56159994       57749994       70937994       72825994
       58008565       59598565       72786565       74674565
       60715710       62305710       75262565       77150565
       72434565       74024565       85212565       87100565
       74910565       76500565       87688565       89576565
       76148565       77738565       89537136       91425136
       77386565       78976565       91385707       93273707
       78624565       80214565       93234278       95122278
       80304849       81894849       95082849       96970849
       82153420       83743420       96931420       98819420
       84860565       86450565       99407420      101295420
       96579420       98169420      109357420      111245420
       99055420      100645420      111833420      113721420
      100293420      101883420      113681991      115569991
      101531420      103121420      115530562      117418562
      102769420      104359420      117379133      119267133
      104449704      106039704      119227704      121115704
      106298275      107888275      121076275      122964275
      109005420      110595420      123552275      125440275
      120724275      122314275      133502275      135390275
      123200275      124790275      135978275      137866275
      124438275      126028275      137826846      139714846
      125676275      127266275      139675417      141563417
      126914275      128504275      141523988      143411988
      128594559      130184559      143372559      145260559
      130443130      132033130      145221130      147109130
      133150275      134740275      147697130      149585130
      144869130      146459130      157647130      159535130
      147345130      148935130      160123130      162011130
      148583130      150173130      161971701      163859701
      149821130      151411130      163820272      165708272
      151059130      152649130      165668843      167556843
      152739414      154329414      167517414      169405414
      154587985      156177985      169365985      171253985
      157295130      158885130      171841985      173729985
      169013985      170603985      181791985      183679985
      171489985      173079985      184267985      186155985
      172727985      174317985      186116556      188004556
      173965985      175555985      187965127      189853127
      175203985      176793985      189813698      191701698
      176884269      178474269      191662269      193550269
      178732840      180322840      193510840      195398840
      181439985      183029985      195986840      197874840
      193158840      194748840      205936840      207824840
      195634840      197224840      208412840      210300840
      196872840      198462840      210261411      212149411
      198110840      199700840      212109982      213997982
      199348840      200938840      213958553      215846553
      201029124      202619124      215807124      217695124
      202877695      204467695      217655695      219543695
      205584840      207174840      220131695      222019695
      217303695      218893695      230081695      231969695
      219779695      221369695      232557695      234445695
      221017695      222607695      234406266      236294266
      222255695      223845695      236254837      238142837
      223493695      225083695      238103408      239991408
      225173979      226763979      239951979      241839979
      227022550      228612550      241800550      243688550
      229729695      231319695      244276550      246164550
      241448550      243038550      254226550      256114550
      243924550      245514550      256702550      258590550
      245162550      246752550      258551121      260439121
      246400550      247990550      260399692      262287692
      247638550      249228550      262248263      264136263
      249318834      250908834      264096834      265984834
      251167405      252757405      265945405      267833405
      253874550      255464550      268421405      270309405
      265593405      267183405      278371405      280259405
      268069405      269659405      280847405      282735405
      269307405      270897405      282695976      284583976
      270545405      272135405      284544547      286432547
      271783405      273373405      286393118      288281118
      273463689      275053689      288241689      290129689
      275312260      276902260      290090260      291978260
      278019405      279609405      292566260      294454260
      289738260      291328260      302516260      304404260
      292214260      293804260      304992260      306880260
      293452260      295042260      306840831      308728831
      294690260      296280260      308689402      310577402
