              0         847500       11144500       12141500
         447500        1295000       12356643       13353643
         895000        1742500       13568786       14565786
        1636429        2483929       14780929       15777929
        2848572        3696072       15993072       16990072
        4060715        4908215       17205215       18202215
        5272858        6120358       18417358       19414358
        6485001        7332501       19629501       20626501
        7697144        8544644       20841644       21838644
        8909287        9756787       22053787       23050787
       10644000       11491500       23265930       24262930
       11856143       12703643       24478073       25475073
       13068286       13915786       25690216       26687216
       14280429       15127929       26902359       27899359
       15492572       16340072       28114502       29111502
       16704715       17552215       29326645       30323645
       17916858       18764358       30538788       31535788
       19129001       19976501       31750931       32747931
       20341144       21188644       32963074       33960074
       21553287       22400787       34175217       35172217
