              0         847500       11144500       12141500
         447500        1295000       12356643       13353643
         895000        1742500       13568786       14565786
        1636429        2483929       14780929       15777929
        2848572        3696072       15993072       16990072
        4060715        4908215       17205215       18202215
        5272858        6120358       18417358       19414358
        6485001        7332501       19629501       20626501
        7697144        8544644       20841644       21838644
        8909287        9756787       22053787       23050787
       10644000       11491500       23265930       24262930
       11856143       12703643       24478073       25475073
       13068286       13915786       25690216       26687216
       14177929       15127929       26779359       27899359
       15390072       16340072       28079359       29199359
       16602215       17552215       29379359       30499359
       17814358       18764358       30740359       31860359
       19026501       19976501       32101359       33221359
       20238644       21188644       33462359       34582359
       21450787       22400787       34762359       35882359
       22753359       23703359       36123359       37243359
       24053359       25003359       37423359       38543359
       25353359       26303359       38723359       39843359
       26653359       27603359       40023359       41143359
       27953359       28903359       41323359       42443359
       28548526       29849359       42202359       43743359
       29909526       31210359       43803073       45344073
       31270526       32571359       45403787       46944787
       33931526       35232359       47185787       48726787
       44993954       46294787       57135787       58676787
       46775954       48076787       58917787       60458787
       47676787       48977620       60699787       62240787
       48577620       49878453       62300501       63841501
       49759382       51060215       63901215       65442215
       51360096       52660929       65501929       67042929
       52960810       54261643       67102643       68643643
       54561524       55862357       68703357       70244357
       56725954       58026787       70304071       71845071
       58507954       59808787       71904785       73445785
       60495787       61590787       74134785       75428785
       62096501       63191501       75559071       76853071
       63752071       64847071       77441071       78735071
       65297929       66392929       78865357       80159357
       66898643       67993643       80289643       81583643
       68499357       69594357       81713929       83007929
       70100071       71195071       83138215       84432215
       71700785       72795785       84562501       85856501
       72395785       73490785       85986787       87280787
       74613071       76203071       87868787       89756787
       85040787       86630787       97818787       99706787
